PREPARED_REAL_NATIVE_SAVED_HISTORY_AND_CHANNEL 2
INSTALLED_APP_RUN_TEST_ENTER
INSTALLED_APP_RUN_TEST_YIELDED
ATTACHED_AND_NAVIGABLE
SAVED_HISTORY_STARTUP_ACTUAL_PAINT
CHANNEL_BAR_CLICK_COMMS_SCREEN_SAVED_HISTORY_PAINT
SAVED_CHANNEL_AGENT_RETURN_NO_REPLAY
UNOPENED_THREAD_PHYSICAL_CLICK_ACTUAL_ATTACHMENT
CHANNEL_ACTIVE_PARTICIPANT_CLICK_SAME_NATIVE_TAB
CLICKED_RETURN_ACTUAL_RENDERED_BODY_IDENTITY session-1 13
CLICKED_RETURN_ACTUAL_RENDERED_BODY_IDENTITY session-2 17
CLICKED_RETURN_ACTUAL_RENDERED_BODY_IDENTITY session-1 13
CLICKED_ABA_CANONICAL_RAW_PAGE_READ_COUNTS [0, 0, 0]
CLICKED_ABA_SAVED_READER_DOCUMENT_HISTORY_DRAFT_UNDO_PRESERVED
ACTUAL_IDLE_PREPARATION_CENSUS {'before': (64, 3), 'after': (64, 3), 'work': [], 'pending': 0}
REAL_SLOW_FAST_REVERSE_END_IDLE_PREPARATION_BOUNDED {'slow': [(21.997344469589294, 0.05036246025899751, 1), (22, 0.0026364131169188685, 1), (22.01184343660408, 0.0005584983412237998, 1), (22.98561736462588, 0.9686514149041585, 1), (23, 0.014092921047388777, 1)], 'fast': [(23.008612581477028, 0.0004108228540832771, 1), (23.34882131332551, 0.33895024488954295, 1), (25.599188722316796, 2.235120018664747, 3), (27.739740173293477, 2.0488537306658086, 3), (29.981051349638623, 1.7324638457368122, 2), (31.449502253968703, 1.459779940897281, 2), (32.48526401899017, 1.0335926066966552, 2), (33.70529709108459, 1.0601062287794532, 2), (34.332552350520885, 0.625944813705822, 1), (35.03392566318279, 0.6984512596559592, 1), (35.673130820352235, 0.6021521509575655, 1), (36.156930186215234, 0.4493984478349601, 1), (36.452752538930554, 0.2948230436681133, 1), (36.68934246961215, 0.23565495783332716, 1), (36.8662714236032, 0.15407499224030566, 1), (36.94215118630733, 0.07559159633945654, 1), (36.98458735832621, 0.04229077181441076, 1), (36.999075201168765, 0.013590125057949636, 1), (37, 0.0009207402762369397, 1)], 'reverse': [(36.994767380228396, -0.00028129414382625485, 1), (35.912431943244535, -1.079867477961702, 2), (32.68388198499379, -2.3424284192106524, 3), (30.455248683445205, -2.2048098816759634, 3), (28.403863045547485, -2.043498716981196, 3), (26.368488934990317, -1.9801376539362712, 2), (24.96881304335218, -1.3968877884998605, 2), (23.08858196314912, -1.7875029954045325, 2), (21.237332792834472, -1.670250301714617, 2), (19.921607362335646, -1.3130232492624374, 2), (18.459211821851156, -1.4573117505601207, 2), (17.02610836135577, -1.3965660416472807, 2), (15.80035620526158, -1.2226888642249543, 2), (14.48849189414921, -1.2103887137874596, 2), (13.42175493518051, -1.0636668785313448, 2), (12.38217771293518, -1.0375126167794786, 2), (11.459621597821885, -0.920441414750672, 1), (10.543451822201721, -0.8834447973315529, 1), (9.76135593767305, -0.7786886348245073, 1), (8.971734638560818, -0.748636280280326, 1), (8.307362658347643, -0.6630266360930086, 1), (7.701210318616726, -0.604555350261918, 1), (7.18256801649712, -0.5167313721744953, 1), (6.6541008790350435, -0.49917681600690306, 1), (6.251446286285061, -0.4015318366408753, 1), (5.802019045902059, -0.38876070669933893, 1), (5.5137969542179555, -0.2867603657594302, 1), (5.214767314207414, -0.2979569726291473, 1), (4.896727575844089, -0.24993071397133415, 1), (4.742835102122593, -0.15325971046468662, 1), (4.562193621314181, -0.1798140260072964, 1), (4.406415686408602, -0.14798608899480864, 1), (4.249298727428075, -0.11413619561766064, 1), (4.197606238515958, -0.051499287793813846, 1), (4.123346835069985, -0.06954362743138778, 1), (4.0735792658464245, -0.0494419127600228, 1), (4.037915469783522, -0.03468652158078786, 1), (4.016795729274717, -0.021011071689145802, 1), (4.005336527966277, -0.011325289601984348, 1), (4.0007983298852405, -0.004460053737971133, 1), (4.000001323174106, -0.0007867806852033131, 1), (4, -1.3179233079106852e-06, 1)], 'retained_bytes': 77983, 'pending': 0}
FORK_IMMEDIATE_PHYSICAL_OPEN_REAL_ATTACHMENT_BEFORE_FIRST_NATIVE_ANSWER
PHYSICAL_FORK_DIALOG_NORMAL_NATIVE_FIRST_ANSWER_PARENT_PRESERVED
FORK_FIRST_OPEN_SAVED_NATIVE_ANSWER_ACTUAL_PAINT_NO_REPLAY
CHANNEL_NOTIFICATION_ACTUAL_NATIVE_WORKING_STATUS
CHANNEL_RESPONDED_NOTIFICATION_DISCLOSURE_ACTUAL_PAINT
CHANNEL_REPLY_SAVED_HISTORY_AUTOMATIC_AUTHOR_NATIVE_OBSERVATION_NO_REPLAY
