PREPARED_REAL_NATIVE_SAVED_HISTORY_AND_CHANNEL 2
INSTALLED_APP_RUN_TEST_ENTER
INSTALLED_APP_RUN_TEST_YIELDED
ATTACHED_AND_NAVIGABLE
SAVED_HISTORY_STARTUP_ACTUAL_PAINT
CHANNEL_BAR_CLICK_COMMS_SCREEN_SAVED_HISTORY_PAINT
SAVED_CHANNEL_AGENT_RETURN_NO_REPLAY
UNOPENED_THREAD_PHYSICAL_CLICK_ACTUAL_ATTACHMENT
CHANNEL_ACTIVE_PARTICIPANT_CLICK_SAME_NATIVE_TAB
CLICKED_RETURN_ACTUAL_RENDERED_BODY_IDENTITY session-1 13
CLICKED_RETURN_ACTUAL_RENDERED_BODY_IDENTITY session-2 17
CLICKED_RETURN_ACTUAL_RENDERED_BODY_IDENTITY session-1 13
CLICKED_ABA_CANONICAL_RAW_PAGE_READ_COUNTS [0, 0, 0]
CLICKED_ABA_SAVED_READER_DOCUMENT_HISTORY_DRAFT_UNDO_PRESERVED
ACTUAL_IDLE_PREPARATION_CENSUS {'before': (66, 3), 'after': (66, 3), 'work': [], 'pending': 0}
REAL_SLOW_FAST_REVERSE_END_IDLE_PREPARATION_BOUNDED {'slow': [(21.99736979639208, 0.04781651434619545, 1), (22, 0.0026204315298246263, 1), (22.00845809033274, 0.0004071677067393532, 1), (22.609854748702432, 0.599368333667623, 1), (23, 0.388427578372334, 1)], 'fast': [(23.00760452317293, 0.0003569917778299636, 1), (24.89136650127435, 1.8778262534140708, 2), (27.077815742014902, 2.0989533368246236, 3), (29.288125180123565, 1.837806503437201, 2), (30.774248626312527, 1.481102282610346, 2), (32.10273712933044, 1.3239748773529796, 2), (33.334922541821925, 1.12514403666393, 2), (34.14724201634062, 0.8095834156163718, 1), (34.92495536293807, 0.7750004243531449, 1), (35.618104872124036, 0.6131127374209283, 1), (35.98403979772077, 0.36511006570904114, 1), (36.37717553579382, 0.3687804314925632, 1), (36.63267131157489, 0.25471305989189935, 1), (36.816340406047914, 0.1785194016674042, 1), (36.92202355689935, 0.10539464357667284, 1), (36.976966633123865, 0.054829311988973416, 1), (36.99744099013968, 0.019777898228117898, 1), (37, 0.002549219540866482, 1)], 'reverse': [(36.9926290972106, -0.0003754450881255024, 1), (35.93026230305502, -1.0587824897484388, 2), (33.30144709506732, -2.3699446281552925, 3), (30.970580525243093, -2.240831583244765, 3), (29.02865018320565, -1.9355279462824642, 2), (26.94591119851061, -2.012253976748165, 3), (24.846452904090704, -1.894744332472543, 2), (23.188201418740316, -1.6536494690602521, 2), (21.679172988601636, -1.505153609910986, 2), (20.064226467689277, -1.5936696852844108, 2), (18.57891909976182, -1.4811835783326195, 2), (17.192003734720863, -1.3832489026979757, 2), (15.79388155325912, -1.2996531088163006, 2), (14.628660821888444, -1.160356073603314, 2), (13.324852425934484, -1.1282605799901781, 2), (12.457852153302705, -0.863920837987013, 1), (11.483678479556556, -0.9632071468569625, 1), (10.617031499817152, -0.8642509428920291, 1), (9.800095587645032, -0.8099334567239544, 1), (9.050254863469984, -0.7483663762602926, 1), (8.377455415937687, -0.6714178616286207, 1), (7.738668023517235, -0.616643123646446, 1), (7.20033615221986, -0.5362566715401172, 1), (6.653766963144662, -0.49873546302686683, 1), (6.239931594511313, -0.4121527464375783, 1), (5.8553674959520645, -0.3835255533761944, 1), (5.509535932406586, -0.3407972986549784, 1), (5.208157155531294, -0.2960569848288777, 1), (4.929766065679953, -0.25298950156041555, 1), (4.743435616745813, -0.18564252479682805, 1), (4.560271983755234, -0.18061188292633681, 1), (4.412833875169518, -0.14688277867864202, 1), (4.238464290373428, -0.11241201325097581, 1), (4.196717157934092, -0.04158639105230576, 1), (4.124734208278653, -0.06990904235621663, 1), (4.0729059929793126, -0.05155995608630942, 1), (4.03872786156221, -0.03400747412750179, 1), (4.017170742735944, -0.021482443745808714, 1), (4.00559444991986, -0.011532527412407543, 1), (4.000820993607873, -0.0045957299881709025, 1), (4.000001560232717, -0.000805878545160756, 1), (4, -1.55194674589956e-06, 1)], 'retained_bytes': 77983, 'pending': 0}
FORK_IMMEDIATE_PHYSICAL_OPEN_REAL_ATTACHMENT_BEFORE_FIRST_NATIVE_ANSWER
PHYSICAL_FORK_DIALOG_NORMAL_NATIVE_FIRST_ANSWER_PARENT_PRESERVED
FORK_FIRST_OPEN_SAVED_NATIVE_ANSWER_ACTUAL_PAINT_NO_REPLAY
CHANNEL_NOTIFICATION_ACTUAL_NATIVE_WORKING_STATUS
CHANNEL_RESPONDED_NOTIFICATION_DISCLOSURE_ACTUAL_PAINT
CHANNEL_REPLY_SAVED_HISTORY_AUTOMATIC_AUTHOR_NATIVE_OBSERVATION_NO_REPLAY
