PREPARED_REAL_NATIVE_SAVED_HISTORY_AND_CHANNEL 2
INSTALLED_APP_RUN_TEST_ENTER
INSTALLED_APP_RUN_TEST_YIELDED
ATTACHED_AND_NAVIGABLE
SAVED_HISTORY_STARTUP_ACTUAL_PAINT
CHANNEL_BAR_CLICK_COMMS_SCREEN_SAVED_HISTORY_PAINT
SAVED_CHANNEL_AGENT_RETURN_NO_REPLAY
UNOPENED_THREAD_PHYSICAL_CLICK_ACTUAL_ATTACHMENT
CHANNEL_ACTIVE_PARTICIPANT_CLICK_SAME_NATIVE_TAB
CLICKED_RETURN_ACTUAL_RENDERED_BODY_IDENTITY session-1 13
CLICKED_RETURN_ACTUAL_RENDERED_BODY_IDENTITY session-2 17
CLICKED_RETURN_ACTUAL_RENDERED_BODY_IDENTITY session-1 13
CLICKED_ABA_CANONICAL_RAW_PAGE_READ_COUNTS [0, 0, 0]
CLICKED_ABA_SAVED_READER_DOCUMENT_HISTORY_DRAFT_UNDO_PRESERVED
ACTUAL_IDLE_PREPARATION_CENSUS {'before': (66, 3), 'after': (66, 3), 'work': [], 'pending': 0}
REAL_SLOW_FAST_REVERSE_END_IDLE_PREPARATION_BOUNDED {'slow': [(21.99597167254961, 0.05191002041067022, 1), (22, 0.0040120040726837475, 1), (22.008791262293258, 0.0003996489562413503, 1), (22.302276563494186, 0.29245160424389743, 1), (22.999650572374428, 0.6946412496974083, 1), (23, 0.00034386904334214726, 1)], 'fast': [(23.01041806742606, 0.0005203338980643866, 1), (23.058885846921417, 0.048394645974678845, 1), (25.663498061423116, 2.3033115781839024, 3), (27.47789778378122, 1.8078227334472872, 2), (29.348780787266573, 1.791648866260964, 2), (30.924949023700975, 1.544926177651827, 2), (32.252540585778185, 1.3175990446883163, 2), (33.34457584908432, 1.089102866621856, 2), (34.27875207446933, 0.9244897573760703, 1), (35.03171464072646, 0.7509532829368928, 1), (35.6342365799892, 0.5991518367305666, 1), (36.09561313562594, 0.4594161131033195, 1), (36.44593401760955, 0.3451337801959897, 1), (36.68524974883394, 0.23823976480040637, 1), (36.84148993936039, 0.15566625833197797, 1), (36.93757796552877, 0.0946010750970204, 1), (36.98433115148272, 0.04567167030039843, 1), (36.99882022147385, 0.014370850821203157, 1), (37, 0.0011755157187432956, 1)], 'reverse': [(36.99232704535843, -0.00041381156136431944, 1), (35.56347208840258, -1.421848654426016, 2), (33.18609288299808, -2.3488311265192965, 3), (31.020689635103274, -2.1567253115575107, 3), (28.880869467850665, -2.1238044464432217, 3), (26.84830331979272, -2.0042497478991845, 3), (24.985155032888553, -1.857845874049355, 2), (23.143566433001507, -1.7790449873479133, 2), (21.477324880084893, -1.6598029209666452, 2), (19.884795708857133, -1.589691760496746, 2), (18.44356204256607, -1.437290105563796, 2), (17.042913020450257, -1.390038997697184, 2), (15.715125173428433, -1.2940258283915238, 2), (14.518547814476504, -1.1919310233729636, 2), (13.36142512011365, -1.1256435439125871, 2), (12.341976669174038, -1.017556268075893, 2), (11.3878429067496, -0.9515064388808446, 1), (10.497658602818468, -0.8853878323484042, 1), (9.69733628339626, -0.7988471578420848, 1), (8.944395516768608, -0.7342696396960511, 1), (8.289194065414907, -0.6533947065688628, 1), (7.662814402388159, -0.6078107114971709, 1), (7.110674715170315, -0.5457693909947539, 1), (6.638400755471176, -0.47091602189320764, 1), (6.1910718443567, -0.43404232363826956, 1), (5.809824253094747, -0.38012007919195195, 1), (5.466783297941946, -0.33421956036196304, 1), (5.18547208953058, -0.28030918019225437, 1), (4.924969123299818, -0.2505068096500317, 1), (4.718808475258193, -0.20539296773121604, 1), (4.537350388190504, -0.1770701129902292, 1), (4.389095791599218, -0.1440531240696573, 1), (4.2776291727005455, -0.11108319486383805, 1), (4.187142570191209, -0.0901671086432058, 1), (4.116364488263132, -0.06819545118766197, 1), (4.067718114691381, -0.048384331616319116, 1), (4.034615416040466, -0.032935374395665164, 1), (4.014937083092073, -0.01956112874613398, 1), (4.0042729379967055, -0.01029891333429574, 1), (4.000458069537432, -0.0036235283818205457, 1), (4.000000019200952, -0.0004563463374290839, 1), (4, -1.900973069037762e-08, 1)], 'retained_bytes': 80981, 'pending': 0}
FORK_IMMEDIATE_PHYSICAL_OPEN_REAL_ATTACHMENT_BEFORE_FIRST_NATIVE_ANSWER
PHYSICAL_FORK_DIALOG_NORMAL_NATIVE_FIRST_ANSWER_PARENT_PRESERVED
FORK_FIRST_OPEN_SAVED_NATIVE_ANSWER_ACTUAL_PAINT_NO_REPLAY
CHANNEL_NOTIFICATION_ACTUAL_NATIVE_WORKING_STATUS
CHANNEL_RESPONDED_NOTIFICATION_DISCLOSURE_ACTUAL_PAINT
CHANNEL_REPLY_SAVED_HISTORY_AUTOMATIC_AUTHOR_NATIVE_OBSERVATION_NO_REPLAY
