PREPARED_REAL_NATIVE_SAVED_HISTORY_AND_CHANNEL 2
INSTALLED_APP_RUN_TEST_ENTER
INSTALLED_APP_RUN_TEST_YIELDED
ATTACHED_AND_NAVIGABLE
SAVED_HISTORY_STARTUP_ACTUAL_PAINT
CHANNEL_BAR_CLICK_COMMS_SCREEN_SAVED_HISTORY_PAINT
SAVED_CHANNEL_AGENT_RETURN_NO_REPLAY
UNOPENED_THREAD_PHYSICAL_CLICK_ACTUAL_ATTACHMENT
CHANNEL_ACTIVE_PARTICIPANT_CLICK_SAME_NATIVE_TAB
CLICKED_RETURN_ACTUAL_RENDERED_BODY_IDENTITY session-1 13
CLICKED_RETURN_ACTUAL_RENDERED_BODY_IDENTITY session-2 17
CLICKED_RETURN_ACTUAL_RENDERED_BODY_IDENTITY session-1 13
CLICKED_ABA_SAVED_READER_DOCUMENT_HISTORY_DRAFT_UNDO_PRESERVED
REAL_SLOW_FAST_REVERSE_END_IDLE_PREPARATION_BOUNDED {'slow': [(21.997660306086622, 0.050610656464325096, 1), (22, 0.002214227974417961, 1), (22.009417133728228, 0.0004581363867782971, 1), (22.756210006913513, 0.7430747303725236, 1), (23, 0.24291190842355972, 1)], 'fast': [(23.00762701081971, 0.0003423378330512026, 1), (24.9299513028578, 1.9156583573957073, 2), (27.148164468547925, 2.1142026775328113, 3), (29.915374827155986, 1.7733242494319355, 2), (31.242272807592485, 1.322374285994741, 2), (32.47834409342395, 1.2318897985667232, 2), (33.66700538171242, 1.0622128432506004, 2), (34.421136074415834, 0.7521311765172922, 1), (34.89053577387386, 0.4680465152668111, 1), (35.70244480381835, 0.6061143135618238, 1), (36.14273711449282, 0.43906565995056523, 1), (36.38111758969173, 0.23744863414994816, 1), (36.639189353086735, 0.2570107207034752, 1), (36.85556861402316, 0.1656909740990061, 1), (36.92294124378607, 0.06714108410805937, 1), (36.977382774809094, 0.05424479054324662, 1), (36.99754958801296, 0.019271940467206, 1), (37, 0.00243235087266769, 1)], 'reverse': [(36.99252096505461, -0.00040276159114896833, 1), (35.81169270460007, -1.1765627541658208, 2), (32.340237623288665, -2.3420756386135, 3), (30.19243148475502, -2.140560971407322, 3), (28.075779066062168, -2.075792188179442, 3), (26.312437039900797, -1.756414730748535, 2), (24.349056632161293, -1.862330313752419, 2), (23.04299249133821, -1.3035659034436473, 2), (21.351655599818006, -1.677750090027298, 2), (19.723231681301765, -1.573334930332868, 2), (18.34619176963583, -1.3746409968503743, 2), (16.874106495214363, -1.379831442527132, 2), (15.48262168343885, -1.277331228248246, 2), (14.314004488677016, -1.1663685697148403, 2), (13.323415658425471, -0.9885549635674995, 1), (12.216604527972011, -1.028475879412056, 2), (11.318466755122424, -0.8956877758263763, 1), (10.25070406704704, -0.8682781336979256, 1), (9.636744378606615, -0.6127554714722123, 1), (9.003813350879483, -0.6312420489998153, 1), (8.196028740156326, -0.6708536713261437, 1), (7.621790991771805, -0.5731433021520707, 1), (7.157406255884508, -0.46284090660250726, 1), (6.509703390471336, -0.4837708628682202, 1), (6.229635929658554, -0.2792667937536991, 1), (5.761598815955418, -0.38532504399714496, 1), (5.490530648991372, -0.27033572107846127, 1), (5.149560189546696, -0.2913398501027982, 1), (4.938790599435042, -0.21037004034115536, 1), (4.724496559076988, -0.21285761669353354, 1), (4.548832951781864, -0.17502684705812774, 1), (4.4014190325173965, -0.14595633667622487, 1), (4.231817037522813, -0.11121094435760898, 1), (4.189818007145578, -0.0418377972576323, 1), (4.120152245288201, -0.06872112312832784, 1), (4.070254183064328, -0.04965449544017453, 1), (4.036243116022395, -0.0334604262333706, 1), (4.015869070838472, -0.020264479910788606, 1), (4.005113989275062, -0.010705873830708604, 1), (4.000755675163147, -0.004334689773915928, 1), (4.000000967554082, -0.0007465120522347618, 1), (4, -9.63846029986653e-07, 1)], 'retained_bytes': 57694, 'pending': 0}
FORK_IMMEDIATE_PHYSICAL_OPEN_REAL_ATTACHMENT_BEFORE_FIRST_NATIVE_ANSWER
PHYSICAL_FORK_DIALOG_NORMAL_NATIVE_FIRST_ANSWER_PARENT_PRESERVED
FORK_FIRST_OPEN_SAVED_NATIVE_ANSWER_ACTUAL_PAINT_NO_REPLAY
CHANNEL_NOTIFICATION_ACTUAL_NATIVE_WORKING_STATUS
CHANNEL_RESPONDED_NOTIFICATION_DISCLOSURE_ACTUAL_PAINT
CHANNEL_REPLY_SAVED_HISTORY_AUTOMATIC_AUTHOR_NATIVE_OBSERVATION_NO_REPLAY
