PREPARED_REAL_NATIVE_SAVED_HISTORY_AND_CHANNEL 2
INSTALLED_APP_RUN_TEST_ENTER
INSTALLED_APP_RUN_TEST_YIELDED
ATTACHED_AND_NAVIGABLE
SAVED_HISTORY_STARTUP_ACTUAL_PAINT
ACTUAL_NATIVE_PAGE_DELIVERED_WHILE_STATUS_STORE_HELD
CHANNEL_BAR_CLICK_COMMS_SCREEN_SAVED_HISTORY_PAINT
SAVED_CHANNEL_AGENT_RETURN_NO_REPLAY
UNOPENED_THREAD_PHYSICAL_CLICK_ACTUAL_ATTACHMENT
CHANNEL_ACTIVE_PARTICIPANT_CLICK_SAME_NATIVE_TAB
CLICKED_RETURN_ACTUAL_RENDERED_BODY_IDENTITY session-1 13
CLICKED_RETURN_ACTUAL_RENDERED_BODY_IDENTITY session-2 17
CLICKED_RETURN_ACTUAL_RENDERED_BODY_IDENTITY session-1 13
CLICKED_ABA_CANONICAL_RAW_PAGE_READ_COUNTS [0, 0, 0]
CLICKED_ABA_SAVED_READER_DOCUMENT_HISTORY_DRAFT_UNDO_PRESERVED
ACTUAL_IDLE_PREPARATION_CENSUS {'before': (65, 3), 'after': (65, 3), 'work': [], 'pending': 0}
REAL_SLOW_FAST_REVERSE_END_IDLE_PREPARATION_BOUNDED {'slow': [(21.995555514151768, 0.045279729094654456, 1), (22, 0.004428508087364923, 1), (22.00883763828627, 0.0004253923039717193, 1), (22.6830534071914, 0.6719103420232765, 1), (23, 0.3158065184836877, 1)], 'fast': [(23.007547394055447, 0.00035497246329663755, 1), (25.052251783593846, 2.0350647893948794, 3), (27.094854955238056, 2.035443698989292, 3), (29.03300142506893, 1.8372572334813138, 2), (30.545292691177192, 1.506754598781904, 2), (31.995380635169994, 1.3670972930318193, 2), (33.108048344215426, 1.109481449084229, 2), (34.074563624557186, 0.9646998714154641, 1), (34.89637536182533, 0.7892734180373828, 1), (35.52810564128725, 0.6245339989942803, 1), (35.9996416292699, 0.4706612004306512, 1), (36.37513440862022, 0.3704167827489815, 1), (36.64425499115998, 0.25927487234536994, 1), (36.81854354960899, 0.17376564227129687, 1), (36.9219408820687, 0.10284827905789734, 1), (36.97821989291716, 0.054767583545211024, 1), (36.99752933107713, 0.019105831381313432, 1), (37, 0.0024548174304632625, 1)], 'reverse': [(36.97637628603164, -0.001278839571531994, 1), (35.46121283679398, -1.5087190050991315, 2), (33.070504776405016, -2.3489966124907795, 3), (30.813384510243083, -2.234995634598936, 3), (28.77457500623985, -2.031147941053628, 3), (26.66092786421552, -1.995737578145381, 2), (24.869920238145706, -1.7861993264826215, 2), (23.014929562005108, -1.7744273045438033, 2), (21.320725239803437, -1.6689533847362141, 2), (19.73635325269008, -1.5813399794413734, 2), (18.27383328098251, -1.4578940402553653, 2), (16.914099291173766, -1.355216046068371, 2), (15.61146717172837, -1.2901322143140257, 2), (14.406509252042733, -1.1957231267513144, 2), (13.329733502011889, -1.0738252463025835, 2), (12.28486173792533, -1.0329389591459215, 2), (11.330763334131781, -0.9497378486882945, 1), (10.440057759193401, -0.8687486332019733, 1), (9.635003604095985, -0.8027789363770619, 1), (8.880962794151607, -0.7270500434172267, 1), (8.23551863521481, -0.6432860337899436, 1), (7.635019767273223, -0.5983609736832582, 1), (7.0722813723467075, -0.5403895080122831, 1), (6.600143832971537, -0.4705351293521282, 1), (6.142848175633946, -0.4289814979835747, 1), (5.781444339817049, -0.36042243030200743, 1), (5.452885967188996, -0.32763552192922907, 1), (5.135906021476281, -0.2849574502011908, 1), (4.904914276634166, -0.22996903586434436, 1), (4.704420211507701, -0.19946124684261696, 1), (4.523286517777866, -0.17488183082522574, 1), (4.380065654018794, -0.14210141940807067, 1), (4.269726367285838, -0.10998873081310252, 1), (4.181546348643725, -0.08785401101311607, 1), (4.113464140279548, -0.06713903110218972, 1), (4.063864875307649, -0.04751557559090982, 1), (4.033750194546779, -0.030012517217217927, 1), (4.013974217523641, -0.019262858417098013, 1), (4.0041182536814395, -0.00981665740595881, 1), (4.000446699233439, -0.003533742628456724, 1), (4, -0.0004444208272767801, 1)], 'retained_bytes': 77983, 'pending': 0}
FORK_IMMEDIATE_PHYSICAL_OPEN_REAL_ATTACHMENT_BEFORE_FIRST_NATIVE_ANSWER
PHYSICAL_FORK_DIALOG_NORMAL_NATIVE_FIRST_ANSWER_PARENT_PRESERVED
FORK_FIRST_OPEN_SAVED_NATIVE_ANSWER_ACTUAL_PAINT_NO_REPLAY
CHANNEL_NOTIFICATION_ACTUAL_NATIVE_WORKING_STATUS
CHANNEL_RESPONDED_NOTIFICATION_DISCLOSURE_ACTUAL_PAINT
CHANNEL_REPLY_SAVED_HISTORY_AUTOMATIC_AUTHOR_NATIVE_OBSERVATION_NO_REPLAY
