PREPARED_REAL_NATIVE_SAVED_HISTORY_AND_CHANNEL 2
INSTALLED_APP_RUN_TEST_ENTER
INSTALLED_APP_RUN_TEST_YIELDED
ATTACHED_AND_NAVIGABLE
SAVED_HISTORY_STARTUP_ACTUAL_PAINT
CHANNEL_BAR_CLICK_COMMS_SCREEN_SAVED_HISTORY_PAINT
SAVED_CHANNEL_AGENT_RETURN_NO_REPLAY
UNOPENED_THREAD_PHYSICAL_CLICK_ACTUAL_ATTACHMENT
CHANNEL_ACTIVE_PARTICIPANT_CLICK_SAME_NATIVE_TAB
CLICKED_RETURN_ACTUAL_RENDERED_BODY_IDENTITY session-1 13
CLICKED_RETURN_ACTUAL_RENDERED_BODY_IDENTITY session-2 17
CLICKED_RETURN_ACTUAL_RENDERED_BODY_IDENTITY session-1 13
CLICKED_ABA_CANONICAL_RAW_PAGE_READ_COUNTS [0, 0, 0]
CLICKED_ABA_SAVED_READER_DOCUMENT_HISTORY_DRAFT_UNDO_PRESERVED
ACTUAL_IDLE_PREPARATION_CENSUS {'before': (65, 3), 'after': (65, 3), 'work': [], 'pending': 0}
REAL_SLOW_FAST_REVERSE_END_IDLE_PREPARATION_BOUNDED {'slow': [(21.997804016314923, 0.05129980622552245, 1), (22, 0.0021876979453860973, 1), (22.00909915861021, 0.00044327376442047976, 1), (22.857393829931976, 0.8454031505877528, 1), (23, 0.14197149742172477, 1)], 'fast': [(23.008740326499968, 0.0004468593925288598, 1), (24.278061216452926, 1.261772583845676, 2), (26.544356895401595, 2.220890052677885, 3), (29.267235503701205, 1.8557721551982385, 2), (30.737636434211826, 1.4639246357804836, 2), (32.18660467055299, 1.3370327552481394, 2), (33.259063340517514, 1.069042378970996, 2), (34.07301249680309, 0.8116788218420813, 1), (34.868279777440755, 0.7930533371851375, 1), (35.537310418592604, 0.6315362347025977, 1), (35.96230294871786, 0.4241407308208436, 1), (36.28148882945391, 0.3180531514362268, 1), (36.57610842816749, 0.29065874943826037, 1), (36.824486738191155, 0.18635040014654725, 1), (36.89618175091793, 0.07146998332451165, 1), (36.965466653650154, 0.06877925094214359, 1), (36.99364835217066, 0.02807979584537447, 1), (36.99997265167902, 0.005779565574095968, 1), (37, 2.721471083638137e-05, 1)], 'reverse': [(36.99150217820435, -0.00045665953940904883, 1), (35.79165393546185, -1.1947169371063302, 2), (32.535585157025224, -2.3512097329582686, 3), (30.380933442829665, -2.1465580502941486, 3), (28.406050839653794, -1.9684952228209007, 2), (26.289238293762434, -1.9752900823316564, 2), (24.339323375506673, -1.863146802456414, 2), (22.700746997319303, -1.633482964145088, 2), (21.090567164919406, -1.6054371063301938, 2), (19.6103658294181, -1.476369002166954, 2), (18.06233969172775, -1.4631863921116006, 2), (16.75469658038733, -1.303812656170904, 2), (15.492284907538075, -1.2588121239678098, 2), (14.270043288858904, -1.1871404817542017, 2), (13.11504809298846, -1.1024113976368772, 2), (12.120125810214901, -0.9916805665520585, 1), (11.205879166034304, -0.911679566443508, 1), (10.332363349996973, -0.8651605711082606, 1), (9.520752241979453, -0.7933790555233043, 1), (9.019038818743532, -0.5001086259829994, 1), (8.257751027599673, -0.676812521795941, 1), (7.627857311754769, -0.6043015553292796, 1), (7.167694985653979, -0.458994386383802, 1), (6.565647496948049, -0.4892999142651111, 1), (6.232561470648497, -0.33219379673480154, 1), (5.755471212557895, -0.3831793140984331, 1), (5.5014416271768845, -0.25318925888099053, 1), (5.202778928859224, -0.29399895184391583, 1), (4.835846835661323, -0.24422478951523016, 1), (4.735738314518031, -0.09989255910319737, 1), (4.553551314115878, -0.17984213349310843, 1), (4.403810670533021, -0.14641788835076333, 1), (4.239719988911395, -0.11263766778838068, 1), (4.190650924406922, -0.0489211078125652, 1), (4.122394351320591, -0.06786531492471568, 1), (4.071741655675996, -0.05039321940144455, 1), (4.03589066179433, -0.03374080227622236, 1), (4.016175948711621, -0.019660272877073483, 1), (4.004877006077218, -0.010971032127266448, 1), (4.000822495019658, -0.004045530950596758, 1), (4.000000546593522, -0.0007777313944813341, 1), (4, -5.422873212965308e-07, 1)], 'retained_bytes': 77528, 'pending': 0}
FORK_IMMEDIATE_PHYSICAL_OPEN_REAL_ATTACHMENT_BEFORE_FIRST_NATIVE_ANSWER
PHYSICAL_FORK_DIALOG_NORMAL_NATIVE_FIRST_ANSWER_PARENT_PRESERVED
FORK_FIRST_OPEN_SAVED_NATIVE_ANSWER_ACTUAL_PAINT_NO_REPLAY
CHANNEL_NOTIFICATION_ACTUAL_NATIVE_WORKING_STATUS
CHANNEL_RESPONDED_NOTIFICATION_DISCLOSURE_ACTUAL_PAINT
CHANNEL_REPLY_SAVED_HISTORY_AUTOMATIC_AUTHOR_NATIVE_OBSERVATION_NO_REPLAY
