PREPARED_REAL_NATIVE_SAVED_HISTORY_AND_CHANNEL 2
INSTALLED_APP_RUN_TEST_ENTER
INSTALLED_APP_RUN_TEST_YIELDED
ATTACHED_AND_NAVIGABLE
SAVED_HISTORY_STARTUP_ACTUAL_PAINT
CHANNEL_BAR_CLICK_COMMS_SCREEN_SAVED_HISTORY_PAINT
SAVED_CHANNEL_AGENT_RETURN_NO_REPLAY
UNOPENED_THREAD_PHYSICAL_CLICK_ACTUAL_ATTACHMENT
CHANNEL_ACTIVE_PARTICIPANT_CLICK_SAME_NATIVE_TAB
CLICKED_RETURN_ACTUAL_RENDERED_BODY_IDENTITY session-1 13
CLICKED_RETURN_ACTUAL_RENDERED_BODY_IDENTITY session-2 17
CLICKED_RETURN_ACTUAL_RENDERED_BODY_IDENTITY session-1 13
CLICKED_ABA_CANONICAL_RAW_PAGE_READ_COUNTS [0, 0, 0]
CLICKED_ABA_SAVED_READER_DOCUMENT_HISTORY_DRAFT_UNDO_PRESERVED
ACTUAL_IDLE_PREPARATION_CENSUS {'before': (65, 3), 'after': (65, 3), 'work': [], 'pending': 0}
REAL_SLOW_FAST_REVERSE_END_IDLE_PREPARATION_BOUNDED {'slow': [(21.997815468861454, 0.05140791125347312, 1), (22, 0.0021769892709257448, 1), (22.008984060794305, 0.0004385393613852453, 1), (22.90109752219835, 0.8886691472895897, 1), (23, 0.09854130124913178, 1)], 'fast': [(23.00746027523402, 0.0003418862453367458, 1), (23.634130085901152, 0.6245633675934532, 1), (25.971913490340917, 2.2618310592385846, 3), (28.494774509632244, 1.956871735111438, 2), (30.032065979027422, 1.530192618574703, 2), (31.28003330526215, 1.2440992933706183, 2), (32.48750896255733, 1.2046582738182685, 2), (33.5291091464007, 1.0392750878590105, 2), (34.45064011796232, 0.8920137145893889, 1), (35.156860851392054, 0.703655888750737, 1), (35.729091681194504, 0.5698394410949158, 1), (36.18545392139038, 0.43864267842471055, 1), (36.50265014740286, 0.31609952680848685, 1), (36.72728143296368, 0.2237648240454283, 1), (36.86757767761455, 0.13954818871208274, 1), (36.9529299689505, 0.08257264418351597, 1), (36.98948813373359, 0.03637413618714257, 1), (36.999497864398165, 0.009963142821157569, 1), (37, 0.00047868685811090506, 1)], 'reverse': [(36.98867134711032, -0.0006076421440008715, 1), (36.04455436712997, -0.9408911875939021, 1), (33.51844320708981, -2.3770316893555488, 3), (31.220408392280028, -2.2520565639964043, 3), (29.111828092632038, -2.1013392243772957, 3), (27.03210900126091, -2.0182302831826466, 3), (25.25959160256497, -1.7623871687505388, 2), (23.40969678999799, -1.8171023830760669, 2), (21.753317560437893, -1.651127244305271, 2), (20.066753982538035, -1.5983427153177803, 2), (18.59286582256135, -1.4707638555717524, 2), (17.208232681992747, -1.381225121744152, 2), (15.904837827025581, -1.3007867545402536, 2), (14.649764591368474, -1.2067363476138804, 2), (13.549007840355593, -1.0973463414057187, 2), (12.461115015849064, -1.0604617328702703, 2), (11.507369171515023, -0.9517687501781251, 1), (10.621137850595181, -0.8836605632641431, 1), (9.789747461231809, -0.8221177846983612, 1), (9.053823222406177, -0.7343114860029506, 1), (8.354595100773569, -0.6792444955388535, 1), (7.751571441978509, -0.6013027798724617, 1), (7.150785422408099, -0.5471744931038031, 1), (6.704979600331123, -0.4445446991765411, 1), (6.244191159550011, -0.4383847535635487, 1), (5.862222453258148, -0.3807610010765656, 1), (5.5227409350809955, -0.3380377030915144, 1), (5.2212893263193, -0.2973662084532199, 1), (4.907133573437242, -0.2519973026358799, 1), (4.739971128942009, -0.16659479905716862, 1), (4.557570946824812, -0.18018281552140847, 1), (4.41538289664201, -0.14134465914272354, 1), (4.247282268256441, -0.11566603401949423, 1), (4.197612866510696, -0.049463360067812934, 1), (4.12518797264132, -0.07055686651901702, 1), (4.073127343033892, -0.0506432526272398, 1), (4.039501508027447, -0.03345689956427553, 1), (4.017500085568084, -0.02186497231167889, 1), (4.005776068615574, -0.01167023949924531, 1), (4.000869682067598, -0.004728449390072745, 1), (4.0000039410394646, -0.0008613605036775126, 1), (4, -3.928464164634613e-06, 1)], 'retained_bytes': 77699, 'pending': 0}
FORK_IMMEDIATE_PHYSICAL_OPEN_REAL_ATTACHMENT_BEFORE_FIRST_NATIVE_ANSWER
PHYSICAL_FORK_DIALOG_NORMAL_NATIVE_FIRST_ANSWER_PARENT_PRESERVED
FORK_FIRST_OPEN_SAVED_NATIVE_ANSWER_ACTUAL_PAINT_NO_REPLAY
CHANNEL_NOTIFICATION_ACTUAL_NATIVE_WORKING_STATUS
CHANNEL_RESPONDED_NOTIFICATION_DISCLOSURE_ACTUAL_PAINT
CHANNEL_REPLY_SAVED_HISTORY_AUTOMATIC_AUTHOR_NATIVE_OBSERVATION_NO_REPLAY
