PREPARED_REAL_NATIVE_SAVED_HISTORY_AND_CHANNEL 2
INSTALLED_APP_RUN_TEST_ENTER
INSTALLED_APP_RUN_TEST_YIELDED
ATTACHED_AND_NAVIGABLE
SAVED_HISTORY_STARTUP_ACTUAL_PAINT
CHANNEL_BAR_CLICK_COMMS_SCREEN_SAVED_HISTORY_PAINT
SAVED_CHANNEL_AGENT_RETURN_NO_REPLAY
UNOPENED_THREAD_PHYSICAL_CLICK_ACTUAL_ATTACHMENT
CHANNEL_ACTIVE_PARTICIPANT_CLICK_SAME_NATIVE_TAB
CLICKED_RETURN_ACTUAL_RENDERED_BODY_IDENTITY session-1 13
CLICKED_RETURN_ACTUAL_RENDERED_BODY_IDENTITY session-2 17
CLICKED_RETURN_ACTUAL_RENDERED_BODY_IDENTITY session-1 13
CLICKED_ABA_CANONICAL_RAW_PAGE_READ_COUNTS [0, 0, 0]
CLICKED_ABA_SAVED_READER_DOCUMENT_HISTORY_DRAFT_UNDO_PRESERVED
REAL_SLOW_FAST_REVERSE_END_IDLE_PREPARATION_BOUNDED {'slow': [(21.997410903405655, 0.050759804602843656, 1), (22, 0.002578774844832409, 1), (22.007223340747903, 0.000347859143761943, 1), (22.646037298197434, 0.6375010126234248, 1), (23, 0.3480747370358226, 1)], 'fast': [(23.008381225467485, 0.00043120458461913194, 1), (24.556010917569274, 1.537482870642767, 2), (27.143438999587207, 2.1593147380027626, 3), (29.349247821288014, 1.8177072130694312, 2), (31.01266388134897, 1.5382715770622764, 2), (32.22969494601615, 1.2104334872227864, 2), (33.4415623202996, 1.1101129163853192, 2), (34.33755860010497, 0.8934922676611856, 1), (34.96031670301915, 0.6210135837018517, 1), (35.44903115533588, 0.4877913760035946, 1), (35.914946005371405, 0.4644157540278789, 1), (36.44404993870619, 0.3680561519434358, 1), (36.59753281931448, 0.15305619691796507, 1), (36.85191139637257, 0.17392344186235373, 1), (36.905900333869084, 0.0538377640052034, 1), (36.97045291520403, 0.0633980661399871, 1), (36.99512489430889, 0.024585028510709084, 1), (36.99998058538705, 0.004845495817762431, 1), (37, 1.8154148334773463e-05, 1)], 'reverse': [(36.992417184945765, -0.00048020614360942936, 1), (36.16607870533461, -0.8234435849257287, 1), (32.955870340464166, -2.36525935236574, 3), (30.84371451296295, -2.1047120304974145, 3), (29.227477955040786, -1.612433445464174, 2), (27.161044224190057, -2.0319481953159926, 3), (25.24805396672068, -1.9091181954001912, 2), (23.473262926351858, -1.7704833743625699, 2), (21.71341875620302, -1.6984755825983409, 2), (20.107155148008555, -1.5978592918565928, 2), (18.603176718976727, -1.4969436840468953, 2), (17.218677633286582, -1.3807298599283548, 2), (15.994880666166642, -1.2216451870959406, 2), (14.737097832388326, -1.2253357828005973, 2), (13.6255618911687, -1.1095221642875661, 2), (12.594899138339755, -1.0287998455456566, 2), (11.383781038808085, -0.9643078146796504, 1), (10.667710468302795, -0.714758443412237, 1), (9.954182218238767, -0.7122085815345904, 1), (9.100986713027261, -0.7574448973079023, 1), (8.425055260637594, -0.6747371037327611, 1), (7.778750396505361, -0.6209264507644521, 1), (7.273728539681468, -0.504017217489229, 1), (6.71167954492889, -0.5032421434275761, 1), (6.3206746850081625, -0.3900876079028472, 1), (5.814538909759808, -0.39234342019134233, 1), (5.576598265558007, -0.2371456996288208, 1), (5.255646240721329, -0.30290180293691066, 1), (4.947817546033271, -0.2600158643332335, 1), (4.772865123873753, -0.17437079952659715, 1), (4.587840983835762, -0.18421237298926038, 1), (4.433028713828201, -0.1544089916583409, 1), (4.273859478244762, -0.1199772590006532, 1), (4.211551652939797, -0.06213445989521458, 1), (4.136226806442316, -0.07460593321391719, 1), (4.08062986503584, -0.05442207241843781, 1), (4.043900659329202, -0.03652884360656171, 1), (4.0195496973657425, -0.023808040374841924, 1), (4.006984504926152, -0.012522129091203642, 1), (4.0013226775489885, -0.005604810028469676, 1), (4.000019658561161, -0.0012741052942176303, 1), (4, -1.9538884869812404e-05, 1)], 'retained_bytes': 77771, 'pending': 0}
FORK_IMMEDIATE_PHYSICAL_OPEN_REAL_ATTACHMENT_BEFORE_FIRST_NATIVE_ANSWER
PHYSICAL_FORK_DIALOG_NORMAL_NATIVE_FIRST_ANSWER_PARENT_PRESERVED
FORK_FIRST_OPEN_SAVED_NATIVE_ANSWER_ACTUAL_PAINT_NO_REPLAY
CHANNEL_NOTIFICATION_ACTUAL_NATIVE_WORKING_STATUS
CHANNEL_RESPONDED_NOTIFICATION_DISCLOSURE_ACTUAL_PAINT
CHANNEL_REPLY_SAVED_HISTORY_AUTOMATIC_AUTHOR_NATIVE_OBSERVATION_NO_REPLAY
