PREPARED_REAL_NATIVE_SAVED_HISTORY_AND_CHANNEL 2
INSTALLED_APP_RUN_TEST_ENTER
INSTALLED_APP_RUN_TEST_YIELDED
ATTACHED_AND_NAVIGABLE
SAVED_HISTORY_STARTUP_ACTUAL_PAINT
CHANNEL_BAR_CLICK_COMMS_SCREEN_SAVED_HISTORY_PAINT
SAVED_CHANNEL_AGENT_RETURN_NO_REPLAY
UNOPENED_THREAD_PHYSICAL_CLICK_ACTUAL_ATTACHMENT
CHANNEL_ACTIVE_PARTICIPANT_CLICK_SAME_NATIVE_TAB
CLICKED_RETURN_ACTUAL_RENDERED_BODY_IDENTITY session-1 13
CLICKED_RETURN_ACTUAL_RENDERED_BODY_IDENTITY session-2 17
CLICKED_RETURN_ACTUAL_RENDERED_BODY_IDENTITY session-1 13
CLICKED_ABA_SAVED_READER_DOCUMENT_HISTORY_DRAFT_UNDO_PRESERVED
REAL_SLOW_FAST_REVERSE_END_IDLE_PREPARATION_BOUNDED {'slow': [(21.995376344133295, 0.04875651170186926, 1), (22, 0.00431094047776364, 1), (22.009541142501135, 0.00045162397683749534, 1), (22.9945601146947, 0.975907772605518, 1), (23, 0.005417062133227491, 1)], 'fast': [(23.007487266702352, 0.00035530637643504487, 1), (25.16159931230687, 2.1416786645945876, 3), (27.767031715963675, 2.0749557662169154, 3), (29.53551744677607, 1.7553692820795856, 2), (30.931862493187808, 1.3903395691925022, 2), (32.05578410168064, 1.1202902294735613, 2), (33.580001571335174, 1.1081047482907493, 2), (34.27400927827604, 0.6907142904222858, 1), (34.954502504467044, 0.676983897408885, 1), (35.57696838797274, 0.6206966342443189, 1), (36.07229424482068, 0.4723088107799323, 1), (36.40562748789815, 0.33214382073258647, 1), (36.660450448633995, 0.2539900906637368, 1), (36.82956895322266, 0.1687141646669585, 1), (36.93145451483812, 0.1000826723994555, 1), (36.980225839143856, 0.04861973619986398, 1), (36.998178597581834, 0.01720638684913828, 1), (37, 0.0018125404491450817, 1)], 'reverse': [(36.99155017384425, -0.0004199218919274058, 1), (34.63673157830828, -2.3432627479501114, 3), (32.30322182941668, -2.3109101237018495, 3), (29.27676079070941, -2.154130381322125, 3), (26.73442843596192, -2.02317184955756, 3), (26.080150931273437, -0.6508636548438431, 1), (24.159490911673167, -1.8670295642224992, 2), (22.419958795453933, -1.734053460212234, 2), (20.805279560534373, -1.6110593767272436, 2), (19.275080162333758, -1.5259482236472333, 2), (17.798636298537744, -1.4460912543300708, 2), (16.438888966382436, -1.3477872521896943, 2), (15.213528480673741, -1.2212666341881802, 2), (14.051103238819055, -1.1597359713374547, 2), (12.93764735704625, -1.0882611045228316, 2), (11.88633398079078, -0.9974452383405328, 1), (10.981165410125083, -0.9030866818846683, 1), (10.131512163159513, -0.847541983192196, 1), (9.370975625751218, -0.7587672254197071, 1), (8.647438993931956, -0.7106257773701269, 1), (8.020803449594062, -0.6245648906039993, 1), (7.429380233924743, -0.5810969714741658, 1), (6.912642381510036, -0.515056828205799, 1), (6.44265593363097, -0.4654005616546822, 1), (6.027096683454488, -0.41428879943840896, 1), (5.653877697065102, -0.3577507498452815, 1), (5.348513969157818, -0.30418714689672405, 1), (5.015553434366599, -0.27048369836252595, 1), (4.834061174756403, -0.18048966821124524, 1), (4.6368626999276925, -0.19644485949529303, 1), (4.472816783605166, -0.16227543327336388, 1), (4.308601489280896, -0.1285742152403652, 1), (4.233521591640102, -0.0747593492455339, 1), (4.15280147902855, -0.08020016412164908, 1), (4.093240059089288, -0.058751941554696055, 1), (4.051500766273369, -0.041517827324656295, 1), (4.024651894815241, -0.026662240829504382, 1), (4.009652486783513, -0.014917682966379882, 1), (4.002200485193341, -0.007259966535537165, 1), (4.0001204065739575, -0.002070432869425616, 1), (4, -0.00011893784167416945, 1)], 'retained_bytes': 58007, 'pending': 0}
FORK_IMMEDIATE_PHYSICAL_OPEN_REAL_ATTACHMENT_BEFORE_FIRST_NATIVE_ANSWER
PHYSICAL_FORK_DIALOG_NORMAL_NATIVE_FIRST_ANSWER_PARENT_PRESERVED
FORK_FIRST_OPEN_SAVED_NATIVE_ANSWER_ACTUAL_PAINT_NO_REPLAY
CHANNEL_NOTIFICATION_ACTUAL_NATIVE_WORKING_STATUS
CHANNEL_RESPONDED_NOTIFICATION_DISCLOSURE_ACTUAL_PAINT
CHANNEL_REPLY_SAVED_HISTORY_AUTOMATIC_AUTHOR_NATIVE_OBSERVATION_NO_REPLAY
