PREPARED_REAL_NATIVE_SAVED_HISTORY_AND_CHANNEL 2
INSTALLED_APP_RUN_TEST_ENTER
INSTALLED_APP_RUN_TEST_YIELDED
ATTACHED_AND_NAVIGABLE
SAVED_HISTORY_STARTUP_ACTUAL_PAINT
ACTUAL_NATIVE_PAGE_DELIVERED_WHILE_STATUS_STORE_HELD
CHANNEL_BAR_CLICK_COMMS_SCREEN_SAVED_HISTORY_PAINT
SAVED_CHANNEL_AGENT_RETURN_NO_REPLAY
UNOPENED_THREAD_PHYSICAL_CLICK_ACTUAL_ATTACHMENT
CHANNEL_ACTIVE_PARTICIPANT_CLICK_SAME_NATIVE_TAB
CLICKED_RETURN_ACTUAL_RENDERED_BODY_IDENTITY session-1 13
CLICKED_RETURN_ACTUAL_RENDERED_BODY_IDENTITY session-2 17
CLICKED_RETURN_ACTUAL_RENDERED_BODY_IDENTITY session-1 13
CLICKED_ABA_CANONICAL_RAW_PAGE_READ_COUNTS [0, 0, 0]
CLICKED_ABA_SAVED_READER_DOCUMENT_HISTORY_DRAFT_UNDO_PRESERVED
ACTUAL_IDLE_PREPARATION_CENSUS {'before': (67, 3), 'after': (67, 3), 'work': [], 'pending': 0}
REAL_SLOW_FAST_REVERSE_END_IDLE_PREPARATION_BOUNDED {'slow': [(21.994273173218936, 0.055961434858260085, 1), (22, 0.00570731129814652, 1), (22.009188609818718, 0.00044575641279493713, 1), (22.811980143383764, 0.7994935550336323, 1), (23, 0.18136644566870863, 1)], 'fast': [(23.007370157954146, 0.00035511906500250434, 1), (23.812077603248685, 0.8020240212065204, 1), (26.021937265275806, 2.202223743569805, 3), (27.923736596091622, 1.895466635756411, 2), (29.743584965255074, 1.73346499463902, 2), (31.203143460526448, 1.4544128781781613, 2), (32.5909687544948, 1.2628137391591505, 2), (33.58669553431414, 0.9929434289628806, 1), (34.444535996182154, 0.8545698227683197, 1), (35.19465867367647, 0.7113330119405378, 1), (35.74008871161715, 0.5442434330001035, 1), (36.17719545994533, 0.43569904913896773, 1), (36.50195591166025, 0.32231784675180797, 1), (36.730626691014464, 0.22269496955127488, 1), (36.8702742802881, 0.1390652030182146, 1), (36.95377846685763, 0.08136207147696262, 1), (36.99010376340451, 0.03597284511211212, 1), (36.999616680406234, 0.009478037676266008, 1), (37, 0.0003820105821389538, 1)], 'reverse': [(36.99278837356116, -0.0004051697753485405, 1), (36.13607343402101, -0.8518663066597868, 1), (33.050304203444206, -2.3649897946781047, 3), (30.566725661664304, -2.2299549084747237, 3), (29.393442096310537, -1.1676118444744743, 2), (26.899199002244444, -2.031910291932221, 3), (25.445470685217902, -1.4494081047473044, 2), (23.63755248894346, -1.8028873548956865, 2), (21.89597339284208, -1.7099647447476722, 2), (20.298437803465397, -1.5945785598248503, 2), (18.738947393158735, -1.5100092358539856, 2), (17.406265278828982, -1.328690896466194, 2), (16.0593452850376, -1.3205587796132503, 2), (14.825620899623784, -1.2300936068565924, 2), (13.671870603459054, -1.1422727849371799, 2), (12.61983206102133, -1.0492428522977328, 2), (11.644540859490064, -0.9727444872231701, 1), (10.699719395480809, -0.8997008499526771, 1), (9.8844167069451, -0.8131404920325784, 1), (9.1202580097487, -0.7549280623965149, 1), (8.433738530072418, -0.6844050220815936, 1), (7.827700370698084, -0.6042592777562216, 1), (7.269138322334218, -0.5569471326372375, 1), (6.754811107461124, -0.5036126936110802, 1), (6.31249876965594, -0.44087063998131465, 1), (5.893823152146783, -0.39676469318416946, 1), (5.558974332480778, -0.33358228788457495, 1), (5.244024557657971, -0.30248156396412446, 1), (4.987791907829723, -0.2553686098452398, 1), (4.771426785554653, -0.21559546642149507, 1), (4.579948977052846, -0.18589447716654434, 1), (4.425897058172733, -0.15189573164920986, 1), (4.305042996103803, -0.12043715107032817, 1), (4.205153198896499, -0.09674553604285123, 1), (4.134587288588892, -0.07030517094656005, 1), (4.0792512834685635, -0.05352747139025959, 1), (4.042582503635267, -0.03653423432359699, 1), (4.018562357286976, -0.02298663520748837, 1), (4.006309857111086, -0.012204226690965063, 1), (4.0012009154143815, -0.005092024428539605, 1), (4.00001250051875, -0.001154047334815413, 1), (4, -1.2453925361016273e-05, 1)], 'retained_bytes': 93973, 'pending': 0}
FORK_IMMEDIATE_PHYSICAL_OPEN_REAL_ATTACHMENT_BEFORE_FIRST_NATIVE_ANSWER
PHYSICAL_FORK_DIALOG_NORMAL_NATIVE_FIRST_ANSWER_PARENT_PRESERVED
FORK_FIRST_OPEN_SAVED_NATIVE_ANSWER_ACTUAL_PAINT_NO_REPLAY
CHANNEL_NOTIFICATION_ACTUAL_NATIVE_WORKING_STATUS
CHANNEL_RESPONDED_NOTIFICATION_DISCLOSURE_ACTUAL_PAINT
CHANNEL_REPLY_SAVED_HISTORY_AUTOMATIC_AUTHOR_NATIVE_OBSERVATION_NO_REPLAY
