PREPARED_REAL_NATIVE_SAVED_HISTORY_AND_CHANNEL 2
INSTALLED_APP_RUN_TEST_ENTER
INSTALLED_APP_RUN_TEST_YIELDED
ATTACHED_AND_NAVIGABLE
SAVED_HISTORY_STARTUP_ACTUAL_PAINT
ACTUAL_NATIVE_PAGE_DELIVERED_WHILE_STATUS_STORE_HELD
CHANNEL_BAR_CLICK_COMMS_SCREEN_SAVED_HISTORY_PAINT
SAVED_CHANNEL_AGENT_RETURN_NO_REPLAY
UNOPENED_THREAD_PHYSICAL_CLICK_ACTUAL_ATTACHMENT
CHANNEL_ACTIVE_PARTICIPANT_CLICK_SAME_NATIVE_TAB
CLICKED_RETURN_ACTUAL_RENDERED_BODY_IDENTITY session-1 13
CLICKED_RETURN_ACTUAL_RENDERED_BODY_IDENTITY session-2 17
CLICKED_RETURN_ACTUAL_RENDERED_BODY_IDENTITY session-1 13
CLICKED_ABA_CANONICAL_RAW_PAGE_READ_COUNTS [0, 0, 0]
CLICKED_ABA_SAVED_READER_DOCUMENT_HISTORY_DRAFT_UNDO_PRESERVED
ACTUAL_IDLE_PREPARATION_CENSUS {'before': (67, 3), 'after': (67, 3), 'work': [], 'pending': 0}
REAL_SLOW_FAST_REVERSE_END_IDLE_PREPARATION_BOUNDED {'slow': [(21.994910238371386, 0.05135433105801524, 1), (22, 0.005074599109950265, 1), (22.00546934884367, 0.000262755879007834, 1), (22.52779334000569, 0.5212893116498184, 1), (23, 0.45526630106600713, 1)], 'fast': [(23.007591029700496, 0.00036222811260183267, 1), (23.32978021790907, 0.3210202304980294, 1), (25.630807068613606, 2.291707494291482, 3), (27.75361176007877, 2.027321795896719, 3), (30.417663991327004, 1.6957714787671265, 2), (31.687078730998945, 1.264608754440999, 2), (32.963526481803214, 1.197563872608262, 2), (33.857990745758315, 0.892490689301272, 1), (34.513870250049344, 0.6543581815996269, 1), (35.20192226953814, 0.6864125381778451, 1), (35.64962166627191, 0.4463981771780244, 1), (36.20098202494619, 0.4452947827684056, 1), (36.45083548962796, 0.24911641697656556, 1), (36.69111017408941, 0.2394427185135556, 1), (36.88127194119185, 0.14799891322462558, 1), (36.94115666282481, 0.05968640713335099, 1), (36.98639342014967, 0.0431769250158072, 1), (36.99915927295995, 0.01248753228157389, 1), (37, 0.0008375531059281522, 1)], 'reverse': [(36.99051640973659, -0.0005438119324062259, 1), (35.53821482887428, -1.4464535677054595, 2), (33.15169887393555, -2.3488874194373857, 3), (30.924373853723075, -2.220818012637109, 3), (28.71291820748012, -2.098040714735204, 3), (26.798891313731783, -1.9089503470713567, 2), (24.796159726075217, -1.877475673023374, 2), (23.08374060438782, -1.7054903795174998, 2), (21.35197387121816, -1.6620073500532573, 2), (19.83246313605443, -1.5145707236863342, 2), (18.300574417432784, -1.470043991162933, 2), (16.897984977901437, -1.3889659902838074, 2), (15.58613680388737, -1.284751658338299, 2), (14.456475191510975, -1.127149444367759, 2), (13.318933593291833, -1.1057445000803825, 2), (12.279910776997312, -1.0364246273010975, 2), (11.351050897960938, -0.9260154110489055, 1), (10.474219270942434, -0.8746968470301474, 1), (9.626867343195865, -0.7993079207483008, 1), (8.895166172614609, -0.7295582715631354, 1), (8.222995744102047, -0.663497710772617, 1), (7.623422443032924, -0.5982300671772236, 1), (7.0999994327564435, -0.5217203945101154, 1), (6.60170377947278, -0.4868337881986275, 1), (6.167647262945396, -0.43273640924128853, 1), (5.775851324053483, -0.3784602387651142, 1), (5.456662961656344, -0.31809654144262156, 1), (5.161174475666326, -0.2908234942682146, 1), (4.917611077585711, -0.2424081487669857, 1), (4.701853344241431, -0.21073771775367234, 1), (4.529857035919198, -0.17133596268965068, 1), (4.382575721482278, -0.14204784359194747, 1), (4.271372108018372, -0.1108780696547715, 1), (4.178584366143729, -0.08869626033689129, 1), (4.113872806309803, -0.06439752133943825, 1), (4.065972437160633, -0.04771402745901015, 1), (4.034052624890122, -0.031829544196715305, 1), (4.0136910728648, -0.019379898326996162, 1), (4.0040507144441335, -0.009592262728706252, 1), (4.000466239670206, -0.0035437567877553123, 1), (4, -0.00046388084312105036, 1)], 'retained_bytes': 154824, 'pending': 0}
FORK_IMMEDIATE_PHYSICAL_OPEN_REAL_ATTACHMENT_BEFORE_FIRST_NATIVE_ANSWER
PHYSICAL_FORK_DIALOG_NORMAL_NATIVE_FIRST_ANSWER_PARENT_PRESERVED
FORK_FIRST_OPEN_SAVED_NATIVE_ANSWER_ACTUAL_PAINT_NO_REPLAY
CHANNEL_NOTIFICATION_ACTUAL_NATIVE_WORKING_STATUS
CHANNEL_RESPONDED_NOTIFICATION_DISCLOSURE_ACTUAL_PAINT
CHANNEL_REPLY_SAVED_HISTORY_AUTOMATIC_AUTHOR_NATIVE_OBSERVATION_NO_REPLAY
