PREPARED_REAL_NATIVE_SAVED_HISTORY_AND_CHANNEL 2
INSTALLED_APP_RUN_TEST_ENTER
INSTALLED_APP_RUN_TEST_YIELDED
ATTACHED_AND_NAVIGABLE
SAVED_HISTORY_STARTUP_ACTUAL_PAINT
ACTUAL_NATIVE_PAGE_DELIVERED_WHILE_STATUS_STORE_HELD
CHANNEL_BAR_CLICK_COMMS_SCREEN_SAVED_HISTORY_PAINT
SAVED_CHANNEL_AGENT_RETURN_NO_REPLAY
UNOPENED_THREAD_PHYSICAL_CLICK_ACTUAL_ATTACHMENT
CHANNEL_ACTIVE_PARTICIPANT_CLICK_SAME_NATIVE_TAB
CLICKED_RETURN_ACTUAL_RENDERED_BODY_IDENTITY session-1 13
CLICKED_RETURN_ACTUAL_RENDERED_BODY_IDENTITY session-2 17
CLICKED_RETURN_ACTUAL_RENDERED_BODY_IDENTITY session-1 13
CLICKED_ABA_CANONICAL_RAW_PAGE_READ_COUNTS [0, 0, 0]
CLICKED_ABA_SAVED_READER_DOCUMENT_HISTORY_DRAFT_UNDO_PRESERVED
ACTUAL_IDLE_PREPARATION_CENSUS {'before': (66, 3), 'after': (66, 3), 'work': [], 'pending': 0}
REAL_SLOW_FAST_REVERSE_END_IDLE_PREPARATION_BOUNDED {'slow': [(21.997302292079024, 0.05029906841414513, 1), (22, 0.0026920711296505506, 1), (22.008474498932884, 0.0004383015865998232, 1), (22.94410709206967, 0.9318311798058778, 1), (23, 0.05530999514531873, 1)], 'fast': [(23.00856145095805, 0.0004040112084201929, 1), (25.101467108569704, 2.0818483253398075, 3), (27.172507534540376, 2.0657001247017543, 3), (29.092450532739228, 1.8227619904877401, 2), (30.617582777643463, 1.5205422193565203, 2), (32.11923390788664, 1.3568074583000378, 2), (33.15145119128228, 1.029991769534951, 2), (34.14224714712245, 0.9564873433726113, 1), (34.902860894273005, 0.7592197943473684, 1), (35.527904715117934, 0.6239061838852838, 1), (36.03805624443119, 0.4857464123294423, 1), (36.38617640151871, 0.34669347401374345, 1), (36.65031700632324, 0.2616516772027162, 1), (36.8204115056882, 0.1697223592427072, 1), (36.92573400631515, 0.10487543458909374, 1), (36.97924919705719, 0.05272104058175104, 1), (36.9976906300347, 0.0184026566030745, 1), (37, 0.002178977810803385, 1)], 'reverse': [(36.98948716717517, -0.0006124808255980899, 1), (34.784185717943714, -2.195731527120034, 3), (32.56116764580666, -2.2139594631700668, 3), (30.29498830471834, -2.1874607584317114, 3), (28.197775455608248, -2.0885589249802194, 3), (26.202060601284956, -1.98341872034538, 2), (24.402402015969145, -1.7957093627189464, 2), (22.47152334749645, -1.7407476803709723, 2), (20.91061963742173, -1.5567782243284378, 2), (19.392784522546904, -1.514303114039964, 2), (17.8666037894536, -1.4349122965339147, 2), (16.584338753446858, -1.2785150956761389, 2), (15.28890068573867, -1.259530081182689, 2), (14.099289960105244, -1.1825332537176272, 2), (13.04618837470009, -1.0480058012658566, 2), (12.00820434486926, -1.0260580564420894, 2), (11.098179358137013, -0.9070555346030811, 1), (10.229559363407521, -0.8657832257294295, 1), (9.437331938523286, -0.7774377322966222, 1), (8.70924701955086, -0.7184441134915248, 1), (8.05886336631188, -0.6453860226367617, 1), (7.494879019359623, -0.5623280608507287, 1), (6.95592649201089, -0.5237201355092076, 1), (6.490189427827772, -0.46407795981912153, 1), (6.061478083420587, -0.4161363800114744, 1), (5.6925202728994035, -0.36752326477586766, 1), (5.370993316661837, -0.31855375872722225, 1), (5.0873635062248335, -0.278923171846328, 1), (4.8457449415960685, -0.23330244605653738, 1), (4.649702043670752, -0.19480855989523657, 1), (4.483151693137854, -0.16600654072130286, 1), (4.35435715619553, -0.1284946395488469, 1), (4.241978326846414, -0.10694360506248593, 1), (4.160119387916189, -0.0814973446860329, 1), (4.096270597884726, -0.06011484142518698, 1), (4.056121538292992, -0.039985335642479664, 1), (4.026849658343769, -0.028182529275979498, 1), (4.01055947369573, -0.016227465990460283, 1), (4.002677563390008, -0.007845291783833416, 1), (4.000184026842721, -0.0024500644481621953, 1), (4, -0.00018316796641709403, 1)], 'retained_bytes': 92724, 'pending': 0}
FORK_IMMEDIATE_PHYSICAL_OPEN_REAL_ATTACHMENT_BEFORE_FIRST_NATIVE_ANSWER
PHYSICAL_FORK_DIALOG_NORMAL_NATIVE_FIRST_ANSWER_PARENT_PRESERVED
FORK_FIRST_OPEN_SAVED_NATIVE_ANSWER_ACTUAL_PAINT_NO_REPLAY
CHANNEL_NOTIFICATION_ACTUAL_NATIVE_WORKING_STATUS
CHANNEL_RESPONDED_NOTIFICATION_DISCLOSURE_ACTUAL_PAINT
CHANNEL_REPLY_SAVED_HISTORY_AUTOMATIC_AUTHOR_NATIVE_OBSERVATION_NO_REPLAY
